2.654049992561340332e-01 -7.557332515716552734e-01 -5.986881256103515625e-01 1.000000000000000000e+03
-1.764192990958690643e-02 -7.682294845581054688e-01 6.399314403533935547e-01 1.000000000000000000e+03
7.649391889572143555e-01 -2.706011831760406494e-01 -5.845023393630981445e-01 1.000000000000000000e+03
-1.881951838731765747e-01 -9.335057735443115234e-01 3.052041530609130859e-01 1.000000000000000000e+03
-5.550653338432312012e-01 2.740358002483844757e-02 8.313552141189575195e-01 1.000000000000000000e+03
-9.946535825729370117e-01 9.485311061143875122e-02 -4.083100333809852600e-02 1.000000000000000000e+03
4.363391101360321045e-01 -2.851151823997497559e-01 8.534151911735534668e-01 1.000000000000000000e+03
-2.114290446043014526e-01 8.958522677421569824e-01 -3.908279538154602051e-01 1.000000000000000000e+03
6.020513772964477539e-01 -7.193153500556945801e-01 3.465827107429504395e-01 1.000000000000000000e+03
9.140823483467102051e-01 -9.841529279947280884e-02 3.934055566787719727e-01 1.000000000000000000e+03
3.287806361913681030e-02 9.266471266746520996e-01 3.744917809963226318e-01 1.000000000000000000e+03
-7.473953962326049805e-01 -5.285624265670776367e-01 4.025193750858306885e-01 1.000000000000000000e+03
7.176592946052551270e-01 6.008135080337524414e-01 3.521196842193603516e-01 1.000000000000000000e+03
-8.800031542778015137e-01 4.260891079902648926e-01 2.098629921674728394e-01 1.000000000000000000e+03
-1.995123028755187988e-01 1.753544956445693970e-01 9.640775918960571289e-01 1.000000000000000000e+03
4.053266346454620361e-01 -9.103562831878662109e-01 8.343689143657684326e-02 1.000000000000000000e+03
-9.990561753511428833e-02 4.395528137683868408e-01 -8.926433920860290527e-01 1.000000000000000000e+03
-1.659626364707946777e-01 -7.196539044380187988e-01 -6.742066740989685059e-01 1.000000000000000000e+03
7.033830881118774414e-01 -4.338957667350769043e-01 5.630156993865966797e-01 1.000000000000000000e+03
-1.899215579032897949e-01 -3.535002470016479492e-01 -9.159516096115112305e-01 1.000000000000000000e+03
-9.376741051673889160e-01 -2.714231014251708984e-01 -2.170180380344390869e-01 1.000000000000000000e+03
5.673385858535766602e-01 3.701657652854919434e-01 -7.355978488922119141e-01 1.000000000000000000e+03
4.799867272377014160e-01 1.434399783611297607e-01 8.654696345329284668e-01 1.000000000000000000e+03
-3.706452250480651855e-01 6.429580450057983398e-01 -6.702440381050109863e-01 1.000000000000000000e+03
1.212397962808609009e-01 -5.264893174171447754e-01 -8.414926528930664062e-01 1.000000000000000000e+03
3.641107976436614990e-01 -8.891106843948364258e-01 -2.773183882236480713e-01 1.000000000000000000e+03
-7.135877013206481934e-01 7.808617502450942993e-02 -6.962005496025085449e-01 1.000000000000000000e+03
2.382435798645019531e-01 1.946759670972824097e-01 -9.514942169189453125e-01 1.000000000000000000e+03
-7.967125773429870605e-01 -6.043272614479064941e-01 -6.129422225058078766e-03 1.000000000000000000e+03
8.700559735298156738e-01 -4.530667662620544434e-01 1.942500770092010498e-01 1.000000000000000000e+03
-4.090179875493049622e-02 9.991629123687744141e-01 7.359337178058922291e-04 1.000000000000000000e+03
-6.959783434867858887e-01 7.151654958724975586e-01 6.443946808576583862e-02 1.000000000000000000e+03
-4.796084165573120117e-01 4.227888882160186768e-01 7.689117789268493652e-01 1.000000000000000000e+03
9.426729679107666016e-01 2.869101464748382568e-01 -1.704413443803787231e-01 1.000000000000000000e+03
-4.960750043392181396e-01 -5.174607634544372559e-01 -6.972402334213256836e-01 1.000000000000000000e+03
3.361300826072692871e-01 9.378557205200195312e-01 8.627438545227050781e-02 1.000000000000000000e+03
7.738277912139892578e-01 2.794345319271087646e-01 5.684249401092529297e-01 1.000000000000000000e+03
8.076097965240478516e-01 1.579130142927169800e-01 -5.681811571121215820e-01 1.000000000000000000e+03
-4.330169856548309326e-01 -8.069627285003662109e-01 -4.016309380531311035e-01 1.000000000000000000e+03
-1.390150785446166992e-01 4.577266052365303040e-02 -9.892318844795227051e-01 1.000000000000000000e+03
-4.391511380672454834e-01 -7.317136526107788086e-01 5.212882161140441895e-01 1.000000000000000000e+03
9.454807043075561523e-01 -6.783036887645721436e-02 -3.185360729694366455e-01 1.000000000000000000e+03
6.277738809585571289e-01 -6.316030621528625488e-01 -4.549478888511657715e-01 1.000000000000000000e+03
5.609302520751953125e-01 8.126137256622314453e-01 -1.581649631261825562e-01 1.000000000000000000e+03
2.539591193199157715e-01 5.430502295494079590e-01 -8.003756403923034668e-01 1.000000000000000000e+03
